   1   0   2   4
   2   0   3   6
   3   0   4   7
   4   0   5   8
   5   1   5   9
   6   1   6  10
   7   1   7  10
   8   1   7  11
   9   1   8  12
  10   1   8  13
  11   1   9  13
  12   1   9  14
  13   1  10  14
  14   1  10  15
  15   1  10  15
  16   1  11  16
  17   1  11  16
  18   1  12  17
  19   2  12  17
  20   2  13  18
  21   2  13  18
  22   2  14  19
  23   2  14  19
  24   2  15  19
  25   2  15  20
  26   2  15  20
  27   2  16  21
  28   2  16  21
  29   3  17  21
  30   3  17  22
  31   3  18  22
  32   3  18  22
  33   3  19  23
  34   3  19  23
  35   3  20  23
  36   4  20  24
  37   4  20  24
  38   4  21  24
  39   4  21  25
  40   4  22  25
  41   4  22  25
  42   5  23  26
  43   5  23  26
  44   5  24  26
  45   5  24  27
  46   5  25  27
  47   6  25  27
  48   6  26  27
  49   6  26  28
  50   6  27  28
  51   7  27  28
  52   7  28  29
  53   7  28  29
  54   7  29  29
  55   8  29  29
  56   8  30  30
  57   8  30  30
  58   8  30  30
  59   9  30  30
  60   9  31  30
  61   9  31  29
  62   9  31  29
  63   9  31  29
  64  10  32  29
  65  10  32  29
  66  10  32  29
  67  11  32  29
  68  11  33  29
  69  11  33  29
  70  11  33  29
  71  12  33  29
  72  12  34  29
  73  12  34  29
  74  13  34  29
  75  13  34  29
  76  13  35  29
  77  13  35  29
  78  14  35  29
  79  14  35  29
  80  14  35  29
  81  15  36  29
  82  15  36  29
  83  16  36  29
  84  16  36  29
  85  16  37  29
  86  17  37  29
  87  17  37  29
  88  17  37  29
  89  18  37  29
  90  18  38  29
  91  19  38  29
  92  19  38  29
  93  19  38  29
  94  20  38  29
  95  20  39  29
  96  21  39  29
  97  21  39  28
  98  22  39  28
  99  22  39  28
 100  22  40  28
 101  23  40  28
 102  23  40  28
 103  24  40  28
 104  24  40  28
 105  25  41  28
 106  25  41  28
 107  26  41  28
 108  26  41  28
 109  27  41  28
 110  27  42  29
 111  28  42  29
 112  28  42  29
 113  29  42  29
 114  29  42  29
 115  30  43  29
 116  30  43  29
 117  31  43  29
 118  31  43  29
 119  32  43  29
 120  32  43  29
 121  33  44  29
 122  34  44  29
 123  34  44  29
 124  35  44  30
 125  35  44  30
 126  36  45  30
 127  36  45  30
 128  37  45  30
 129  37  45  30
 130  38  45  30
 131  38  45  30
 132  39  46  31
 133  39  46  31
 134  40  46  31
 135  40  46  31
 136  41  46  31
 137  41  46  32
 138  42  47  32
 139  42  47  32
 140  43  47  32
 141  43  47  33
 142  44  47  33
 143  44  47  33
 144  45  48  33
 145  45  48  33
 146  45  48  34
 147  46  48  34
 148  46  48  34
 149  47  48  35
 150  47  49  35
 151  47  49  35
 152  48  49  35
 153  48  49  36
 154  48  49  36
 155  49  49  36
 156  49  50  37
 157  49  50  37
 158  50  50  37
 159  50  50  38
 160  50  50  38
 161  50  50  38
 162  51  50  38
 163  51  50  39
 164  51  50  39
 165  51  50  39
 166  51  50  39
 167  51  51  40
 168  51  51  40
 169  52  51  40
 170  52  51  40
 171  52  51  41
 172  52  51  41
 173  52  51  41
 174  52  51  42
 175  52  51  42
 176  53  52  42
 177  53  52  42
 178  53  52  43
 179  53  52  43
 180  53  52  43
 181  53  52  44
 182  54  53  44
 183  54  53  44
 184  54  53  45
 185  54  53  45
 186  54  53  45
 187  54  54  46
 188  54  54  46
 189  55  54  46
 190  55  54  47
 191  55  54  47
 192  55  55  47
 193  55  55  48
 194  55  55  48
 195  55  55  48
 196  56  55  49
 197  56  56  49
 198  56  56  49
 199  56  56  50
 200  56  56  50
 201  56  56  50
 202  56  56  50
 203  56  57  51
 204  56  57  51
 205  56  57  51
 206  56  57  51
 207  57  57  52
 208  57  57  52
 209  57  57  52
 210  57  58  52
 211  57  58  52
 212  57  58  53
 213  57  58  53
 214  57  58  53
 215  57  58  53
 216  57  58  54
 217  57  58  54
 218  57  59  54
 219  57  59  54
 220  57  59  54
 221  57  59  55
 222  57  59  55
 223  57  59  55
 224  57  59  55
 225  58  60  55
 226  58  60  56
 227  58  60  56
 228  58  60  56
 229  58  60  56
 230  58  60  56
 231  58  60  56
 232  58  60  57
 233  58  61  57
 234  58  61  57
 235  58  61  57
 236  58  61  57
 237  58  61  58
 238  58  61  58
 239  58  61  58
 240  58  61  58
 241  59  62  58
 242  59  62  58
 243  59  62  59
 244  59  62  59
 245  59  62  59
 246  59  62  59
 247  59  62  59
 248  59  62  59
 249  59  63  60
 250  59  63  60
 251  59  63  60
 252  59  63  60
 253  59  63  60
 254  59  63  60
 255  59  63  60
